1
3
4
6
7
12
19
22
23
24
24
24
31
32
35
38
45
57
73
81
82
85
88
90
90
91
100
101
101
102
107
114
114
114
115
116
119
124
138
138
139
141
148
148
150
156
160
161
163
164
164
165
166
168
169
170
174
177
186
190
194
199
200
210
225
226
226
226
227
233
239
240
242
244
246
247
245
253
257
259
276
276
281
281
281
286
293
298
301
305
317
321
322
325
332
355
326
346
327
354
346
356
363
360
391
383
383
396
398
396
407
419
408
420
421
422
423
424
425
433
435
439
452
449
444
450
457
472
468
464
476
479
477
479
480
481
479
500
503
504
506
515
515
521
558
558
527
543
526
532
527
545
565
565
580
572
566
573
580
580
584
588
590
589
590
591
603
640
612
619
619
635
624
637
625
626
637
629
614
642
671
644
649
654
657
670
651
671
674
689
705
680
707
694
679
707
708
708
741
771
743
772
711
782
778
728
737
728
730
717
785
736
766
719
711
788
797
809
797
812
795
830
849
840
842
840
844
855
855
856
861
860
869
868
867
873
871
873
874
877
923
931
896
914
893
884
910
926
895
917
918
914
926
890
880
931
902
888
933
941
946
941
984
969
976
1007
976
1029
1004
964
950
955
1001
1026
978
1009
987
1070
1135
1030
1046
1139
1075
1129
1145
1044
1030
1142
1076
1065
1062
1048
1075
1102
1038
1074
1042
1059
1129
1132
1082
1121
1130
1084
1129
1099
1034
1113
1124
1061
1059
1061
1084
1155
1153
1151
1146
1187
1179
1166
1173
1183
1177
1166
1180
1184
1189
1183
1161
1225
1205
1259
1221
1241
1214
1206
1224
1222
1230
1240
1270
1193
1246
1271
1202
1274
1248
1216
1240
1250
1266
1269
1238
1345
1339
1377
1304
1345
1307
1342
1391
1367
1368
1325
1374
1383
1280
1327
1372
1323
1385
1383
1307
1342
1381
1327
1325
1295
1308
1318
1335
1314
1384
1307
1322
1395
1274
1367
1335
1333
1373
1301
1405
1396
1486
1515
1466
1508
1552
1470
1463
1541
1550
1559
1416
1507
1427
1521
1423
1487
1492
1429
1415
1427
1445
1528
1534
1554
1445
1397
1492
1462
1463
1485
1542
1396
1505
1444
1498
1537
1443
1562
1522
1473
1497
1515
1458
1426
1446
1469
1440
1496
1572
1584
1594
1596
1568
1600
1577
1589
1572
1601
1575
1587
1593
1634
1642
1611
1618
1647
1611
1619
1652
1620
1643
1613
1602
1609
1655
1693
1695
1681
1661
1667
1662
1672
1699
1653
1685
1693
1681
1658
1680
1665
1670
1679
1662
1674
1657
1684
1664
1737
1733
1736
1724
1746
1741
1758
1754
1731
1714
1758
1749
1712
1750
1705
1743
1728
1760
1745
1744
1715
1755
1760
1764
1768
1771
1772
1772
1856
1798
1891
1887
1833
1774
1846
1832
1847
1835
1782
1897
1866
1791
1774
1897
1799
1856
1850
1863
1884
1836
1823
1875
1825
1874
1878
1832
1894
2088
2069
1952
1934
1946
2062
1942
1961
1982
2038
2035
1968
2094
1908
2020
1934
1968
2012
1967
2026
1903
1928
2055
1902
1897
1929
2004
1955
1940
1948
1977
1999
2037
1949
2090
1995
2096
2041
2086
2013
1999
2092
1978
2036
2060
2045
2077
1910
2044
1973
1919
2086
2005
1973
1955
1983
2022
2067
2142
2201
2109
2134
2116
2158
2138
2199
2136
2198
2172
2155
2112
2100
2122
2144
2109
2194
2199
2188
2110
2174
2160
2190
2111
2174
2168
2153
2130
2172
2162
2132
2106
2112
2119
2158
2213
2556
2289
2451
2306
2396
2288
2330
2650
2234
2217
2630
2342
2577
2434
2433
2560
2477
2578
2245
2662
2264
2279
2569
2384
2507
2514
2472
2346
2484
2549
2654
2627
2515
2417
2289
2247
2385
2235
2400
2218
2250
2204
2411
2500
2528
2355
2643
2331
2661
2419
2217
2425
2310
2343
2437
2650
2389
2576
2617
2528
2393
2424
2247
2486
2351
2621
2446
2553
2355
2654
2473
2240
2358
2435
2570
2656
2524
2595
2432
2497
2306
2392
2547
2241
2617
2446
2639
2593
2248
2535
2435
2651
2573
2487
2664
2663
2523
2601
2244
2426
2211
2471
2646
2260
2570
2539
2493
2233
2502
2447
2313
2311
2215
2283
2447
2300
2345
2213
2601
2246
2660
2438
2428
2273
2610
2572
2477
2228
2594
2377
2364
2236
2511
2540
2254
2335
2282
2234
2436
2570
2629
2437
2239
2213
2230
2458
2663
2302
2263
3121
2691
3428
3038
3009
3063
3229
2795
3230
3541
3188
3511
3555
2925
3267
2962
3565
3082
3736
2971
3327
2960
3576
2828
2911
2801
3131
3657
3094
2990
3158
3273
3514
2846
3680
3602
3006
3280
2711
3235
3424
2972
3282
3448
3102
2921
2881
2861
2947
2888
3181
3635
3277
3322
3077
3030
2885
3318
3390
3035
3699
3398
3442
3354
3547
2979
3711
2941
3092
3635
3397
3332
3095
3136
3336
3282
3475
3161
3284
3453
3640
2986
3527
2746
2970
3105
3090
2742
2686
2997
2709
3397
3725
3537
3698
2690
3096
2708
3315
3054
2905
2818
3653
2939
2683
3628
3447
3341
3383
2907
2954
3175
3573
2695
3406
2927
3002
3099
2733
2757
3337
3106
3162
3173
3094
2871
3334
3688
3375
2809
2769
3632
3356
3323
2983
3326
3392
3264
2830
3590
3694
3344
3473
2939
3578
2754
2773
3731
3106
3017
2852
3678
3658
2968
3520
3579
3076
2794
3062
2702
3543
3218
2747
3325
2861
2838
3720
3187
3152
3206
3583
3170
2844
2804
3041
2838
3023
2967
2781
2863
2907
3668
3038
3670
3255
3581
3468
3113
3464
3329
3270
3624
3567
3227
2757
3690
3594
3244
3611
2764
2769
3402
3122
3017
3391
2708
2725
3574
3285
3186
3132
2916
2827
3348
3565
3737
3539
2937
2869
3443
3486
3472
3577
3624
3484
3094
3305
3026
3268
3440
3042
3050
3281
3559
3228
2950
3304
3559
3421
2932
2806
3727
2681
3384
3177
3690
3423
2975
3029
3550
3477
3180
2772
3210
3524
3464
3014
3220
2723
3691
3287
3221
2893
3404
3078
3567
3493
2848
3058
3365
3374
3406
3661
3539
3151
3451
3241
3484
2952
3076
3346
3466
3713
3019
2670
3527
3705
3517
2764
3421
2775
3725
2880
3707
3476
3708
3275
3161
3700
2814
3663
3589
3344
2894
2751
3447
2754
3701
3521
3570
3019
3512
3068
3290
3439
2787
2990
3635
2882
2715
2979
3081
3505
3749
3751
3752
3804
3769
3828
3771
3792
3827
3796
3859
3824
3868
3832
3846
3805
3847
3854
3871
3776
3843
3840
3866
3769
3758
3859
3811
3856
3792
3764
3823
3855
3767
3832
4569
4232
3909
4744
4461
4413
4621
4040
4573
4150
4573
3997
4347
4649
4746
4113
4556
4462
3889
4385
4377
4691
4777
4410
4005
4371
4395
4181
4635
4015
4350
4329
4225
4257
4730
4374
4177
4487
4459
4639
4518
4526
4519
4009
4700
4035
4768
4482
4756
4063
3957
4200
4421
4629
4256
4599
4423
4468
4275
4591
4673
4017
4751
3956
4490
3944
4198
4625
4055
4768
4388
4426
4266
4376
3983
4263
3958
4086
4528
4418
4424
3998
4240
4033
4170
4251
4313
4163
4607
4503
4460
4127
4098
4029
3965
4463
4094
4748
4378
4119
3900
4504
4211
4718
4465
4378
4325
4307
4444
4747
3906
4078
4051
4675
4186
3877
3984
4735
3927
4612
3957
4345
4300
4125
4716
3914
4450
4460
4078
4021
4058
4427
4632
4329
4688
4219
4739
4183
4683
3896
4423
4266
3875
4660
4684
3971
4580
4320
3918
4553
4536
4269
4326
4556
4536
4290
4584
4109
4309
4210
4196
4072
4454
4046
4427
4023
4710
4300
4286
4576
4012
4557
4624
4279
4101
4401
4117
4035
3882
4368
4170
4402
4628
4632
4290
4158
4467
4399
4255
4449
4195
4511
3991
4525
4505
4179
4537
4265
4390
4253
4141
4547
4436
4256
4235
4124
4623
4632
4480
4579
4118
4616
3947
4468
4187
4135
4757
4335
3919
4448
4732
4674
4160
4606
4104
4273
4290
3987
4212
4158
4375
4230
4629
4170
4428
4046
4019
4481
4244
4448
4037
4489
4006
4085
4585
4439
4163
4262
4697
4632
4507
3893
4707
4664
4168
4590
4349
4602
3967
4515
3927
4161
4778
4308
3879
4736
4259
3916
4824
4838
4780
4828
4839
4797
4844
4808
4862
4856
4809
4779
4827
4817
4810
4818
4828
4812
4790
4806
5336
5088
5391
5093
5330
5180
5254
4911
4871
5180
5105
5022
4969
5298
5371
5201
5095
5244
5279
5163
4990
5071
4985
4886
5179
5340
5162
5137
5090
5211
5323
5251
5176
5289
5140
5342
4988
4990
4997
5065
4931
5016
5418
4959
5357
5392
5083
5103
5105
4878
5040
4946
5168
5024
5151
4929
5422
4913
5243
5347
5302
4950
5371
5064
5020
5345
4984
5217
5016
5084
5277
5175
5150
4871
4992
5049
5156
4989
5436
5052
4950
5435
5270
5086
5216
5034
4972
5381
5329
5421
4899
5100
5409
5225
5368
5261
4991
5020
5369
5249
5019
5102
5326
5006
5372
4894
5147
5311
5104
5186
5414
5135
5416
5364
4904
5230
5218
5126
5080
4952
5366
4909
5081
5193
5068
4924
4986
5386
5063
5338
4951
4874
5137
5299
4953
5100
5197
4936
5401
5203
5139
5310
4985
5193
5031
5014
5152
5638
6091
5530
6797
5853
5627
5557
6853
6019
6262
6108
5940
5774
6326
5895
6322
6098
6554
5943
6081
6347
6171
6878
5452
5563
6501
6533
6043
6793
6370
6391
6370
6449
6524
6017
5665
5959
5598
6256
6216
5486
6054
5991
6001
6175
5969
5964
6167
6795
5888
6520
6383
6709
5723
6356
6362
6398
5636
5464
5859
6811
6648
5998
5849
5968
6259
5838
5905
6454
5532
6164
6105
6374
5719
5905
6307
6739
5696
6241
6134
6634
5807
5747
5498
6409
5900
6512
5838
6657
5664
5839
5824
5523
5537
5793
6436
6163
5680
6388
5550
6612
5911
6303
6663
5754
6167
5927
5927
5815
6548
6310
5817
6272
5755
6415
5850
6607
6576
6702
6078
5743
6616
6009
6330
5839
6510
5866
5731
5720
6699
6810
6653
5795
6505
6263
5487
6859
6018
5876
5936
5501
5550
6410
6602
5816
5538
6728
5708
6323
6078
6434
5836
6083
5649
6402
5483
6457
6880
6797
5492
6741
5724
5531
5529
6245
5592
6443
5727
6470
6790
5565
5830
5876
6457
6465
6449
5974
5679
6024
6632
5942
5806
5441
5780
5493
5579
6793
5457
5718
6878
6505
5551
5687
6659
6669
5608
5731
6021
6440
5924
6808
6894
6500
6726
6781
6540
6759
5814
6621
6273
6439
6503
5964
5885
6598
6605
6686
6282
6682
5943
6125
5448
6165
5536
6456
6188
6276
5913
6752
6482
6308
5922
5891
6542
6062
6599
5764
6724
5910
5510
5964
6491
6423
5810
6117
6750
6619
5524
6876
5521
5496
6261
5965
5853
5611
5750
6557
6173
6527
6764
6601
6360
6462
5821
5966
6522
6322
5544
5793
6743
6561
5600
6422
5534
5599
6168
5745
6032
5578
6175
5926
6331
5516
6332
6733
5858
5628
5752
6703
5593
6808
6095
5842
6545
5633
5471
6568
5873
6358
5752
6141
5545
5825
6285
5569
6704
6466
5893
6788
6395
6463
5663
6557
5726
5721
6585
6771
5461
6290
6206
6633
6395
6582
5597
6608
5524
6001
6222
6693
6380
5866
6444
6486
5920
6023
6423
6527
6570
5696
6518
6180
6161
5667
6668
6093
6484
6287
5615
5962
6829
5592
6075
5854
6244
5511
5993
6244
5941
6882
6056
6262
5791
5561
6371
6033
6210
5442
5498
6044
6646
6012
6220
5518
5574
5743
6809
6681
6059
5443
6416
6636
6045
5743
6252
6600
6643
5605
6314
5493
6833
6277
5714
6752
5965
5463
6554
5501
6319
5726
5644
5939
5645
5614
5692
6767
6778
6395
6404
6603
5561
5608
6265
6731
6332
6410
6734
5703
6733
5822
6289
6358
5934
5501
6482
5682
5649
5767
5539
5859
6752
6435
6774
6533
6535
6219
6459
5967
6739
6045
6648
6731
6587
8427
7826
8486
8746
7283
8827
7694
8232
7031
7490
7007
8526
8856
8834
8663
7125
8281
7371
7559
8450
7788
7917
8318
8513
7160
7485
7130
8029
8025
8670
8440
7047
8450
7763
7312
7940
7165
8024
8074
7258
7529
7497
8149
7451
8718
8542
8483
7660
8066
8721
7357
7994
7200
8343
8740
7534
7356
7304
8194
7819
8764
7799
8772
8170
7262
7527
8256
7449
7034
7264
7929
8753
6916
7047
8290
7424
7414
7892
7130
8814
6900
7136
7494
7017
8266
7794
7395
8297
7515
7055
8549
8640
8630
6980
8430
8142
7342
8774
8224
7434
6957
7998
7683
7543
7582
7505
7755
8452
8140
6962
7519
7155
8507
7342
8488
7217
7570
7346
7152
7386
8546
7422
8344
8560
8408
7456
7465
7798
8826
7281
8465
8652
8152
8185
6955
8351
7294
7679
7991
7448
7729
7341
8070
7562
7372
8707
7936
8729
8575
7570
8084
7090
6923
7698
7938
7941
7407
7350
8795
7996
7716
8090
7662
7951
7034
7598
6959
7999
7394
8735
8484
8091
8706
7156
8648
7076
8535
7561
8770
7675
8095
7450
7105
7730
7290
7800
8251
7702
8047
7095
6914
8428
7159
7962
7277
8194
8438
8514
7264
7884
8430
8546
8794
7838
8332
8182
6939
8334
8835
8557
8135
8265
7087
8314
7584
7884
8319
7563
8126
8612
8675
7033
7188
8177
7290
8587
8504
7448
8509
7521
6923
6929
7758
8492
8058
7051
8405
8791
7925
7772
8520
7133
7924
8635
6905
8148
8117
7985
8618
7381
7123
8721
7026
7180
8795
7478
8066
8155
8713
7913
7659
6906
7393
7509
7168
7988
8118
7822
7380
8020
8710
8756
7673
7366
8536
7338
8229
8091
8045
8587
7397
8252
6907
7170
8505
8252
7168
7650
8784
7658
8321
7658
8381
7795
7552
8621
8682
7063
8804
7053
8681
7554
8655
7220
7481
6945
7721
7890
8541
8811
7638
7035
7477
7013
7750
7516
7492
8069
7317
7965
7807
7523
8661
8735
7180
8234
7157
8456
8837
8860
8092
7341
8751
7455
8762
8713
8417
8516
8446
7671
8092
8627
7739
8532
7227
7580
7366
8297
7009
8537
6974
8022
8014
7913
8855
7867
8263
8140
7192
8226
8701
8135
8113
8666
7801
8484
6912
8769
8518
7337
6910
7880
8819
7488
8588
7361
7446
7351
6905
7057
6916
7232
6921
8343
8758
8285
7371
8126
8202
8213
8244
7035
7949
8111
7580
7687
8365
8729
7072
7004
7755
7471
7378
8557
7984
8123
7380
7840
8693
7710
8575
6924
7560
7528
7281
7797
8398
8653
7696
7509
7104
8310
8752
8747
7285
7038
8226
8833
8640
7865
7833
7664
8482
7639
7600
6972
7723
8827
7628
8394
8285
7193
7266
8313
7850
7334
7810
8411
7800
7557
8515
8244
7000
8526
7157
7017
8259
8627
7580
7446
8739
7586
7658
7240
6906
8854
7623
6959
7932
7135
8693
8806
7005
8116
7129
8821
8079
8537
7687
7988
7537
8168
8572
7361
7457
7986
8136
8463
8746
8327
7595
7326
8539
8746
8724
8503
8769
8074
7850
8269
7696
7851
8170
8376
7093
8340
7277
8001
7179
7935
7048
8858
8062
8757
7881
7038
7605
7525
8311
7957
8583
8070
8841
8724
7153
7405
8143
7065
8440
7496
8243
7327
8537
7302
7435
7411
7341
8357
8139
8780
7894
8312
7108
8404
8762
8812
8203
8093
7755
7042
7176
7874
7280
8190
7678
6935
7629
8500
7947
7759
7578
7180
6985
7253
8571
8634
7723
8592
8498
7191
7471
8362
7653
6916
7084
7746
8526
8572
8267
7611
7282
6967
7268
7720
8354
7332
8751
7003
7524
8599
8690
8689
7831
8431
8365
8807
8855
8783
8852
7719
8623
8929
8907
8982
9014
8958
8950
8983
8912
8944
8931
9011
9031
9051
8936
8921
8866
8978
8988
8947
8972
9024
9005
9043
9024
9015
8948
8992
8991
8879
8898
8886
8951
8900
8943
9060
8886
8896
8902
8959
8886
9008
8992
9058
9054
28841
14644
12505
17482
21224
30973
31162
9266
18221
15813
10063
32493
18265
25894
26023
10845
32605
15271
9942
20308
31020
11611
26777
10410
26504
28778
32061
14477
25242
23451
23484
26649
10036
24066
15146
17704
30136
19319
32079
21100
13358
19783
11414
16333
16517
19241
13369
31421
21533
24691
11212
12124
19650
12685
20774
14748
22249
13734
21266
25130
30494
18599
11724
13202
18843
18822
18939
24516
19769
18459
24230
21152
10320
18711
12394
27088
9379
24499
17112
18013
11568
17799
29483
16502
26467
20957
24853
15901
31197
13669
24161
32762
12404
31467
23219
27461
9154
22469
14357
9158
14403
15313
22279
9618
18657
32278
30683
9173
26528
25642
18846
13400
19229
18765
31876
30676
13336
27955
11577
19540
11758
30480
24652
24414
23743
13326
31418
20505
26184
27019
13377
9429
13924
31633
13241
23961
27859
16197
29241
9489
22587
16199
30284
18941
10170
11819
27662
16510
15334
15481
15183
15978
31539
26125
32128
15430
31059
12224
14889
23028
12859
14240
16709
31385
28836
28691
22021
25795
16302
17221
21690
30798
16325
30516
28662
22490
23462
26867
18670
24252
21468
17553
26403
12934
17284
20933
21314
14913
12885
13462
22856
26624
31863
15588
13801
16572
17421
32367
13107
19323
18272
31632
30831
10258
17363
26663
15030
15885
21330
22516
28719
22361
16635
29290
28669
16026
25626
28064
31269
26615
20400
15279
11358
23408
17743
14908
15607
11442
24997
26659
21643
20173
9275
26116
28254
28773
19580
14174
18485
29805
12426
22709
20156
27638
11968
32488
10533
28019
10706
20743
10258
22545
18464
22910
32059
24907
24140
26290
21813
12813
11892
21542
22356
14270
32214
10249
31312
9712
16826
12297
27999
10114
29729
26817
16221
19744
31962
31988
31202
17555
13443
30560
11952
30323
30637
17370
9107
24281
26664
31624
20845
29608
21378
16720
27864
24727
25290
17040
13324
16711
30617
12304
21508
17235
23124
17205
10460
22837
10587
9079
23934
15961
23397
16404
11901
24080
11872
29190
21569
26590
13846
31283
22629
29196
28119
12261
23133
20345
18726
29561
22963
16205
30754
14683
18804
21685
31001
16690
29184
15995
27475
19799
25407
19694
21020
28300
32065
11589
12352
14315
20999
23663
21973
28444
25830
11772
13668
14083
31020
17227
10138
10418
13318
24686
16732
29138
23791
15819
12536
24864
19302
22503
22582
31102
11886
9850
12500
10799
17604
12669
13653
16266
21804
23814
31412
19114
17847
13857
14968
26860
13965
16353
22492
9625
19923
26983
17743
24431
31442
18768
16655
11640
29781
24220
31745
19154
30290
17700
22823
32356
20536
14773
27048
19577
10746
16582
27386
24900
15758
20742
27347
31022
22437
10282
24299
15775
15499
17120
27139
15333
20302
25955
29222
29807
29463
25813
27695
28783
26337
26389
19910
23189
14299
30617
27968
31480
12471
12791
18734
27476
25453
23989
25177
32075
9764
23629
32075
15153
15350
22912
27944
19792
32094
21998
16516
22688
10909
16356
18973
30592
15709
22659
9699
32322
32149
32429
21542
14028
23980
29632
27609
13043
25057
20469
18211
15802
10053
25541
13566
11263
23515
14803
29136
11201
15931
23154
12829
16483
20174
17818
16853
13266
9665
30682
22368
23688
23011
13075
9824
18913
14625
11464
23938
12147
14278
18301
28729
23970
24637
31939
23779
15980
9829
16068
25848
22132
29530
27462
11128
13905
27417
24465
20828
10769
10114
18975
21649
21786
27608
14021
24568
24605
24414
18876
23729
20050
22500
17922
10393
20909
18130
32101
15662
23454
24631
19547
32571
9723
29654
12065
17694
18491
22942
22386
22591
11492
13129
14010
9275
31558
21819
12506
28917
18794
16333
14399
23535
10822
30467
28087
25161
27698
26760
29315
12304
23576
28529
28384
14325
31381
16133
11864
19349
31008
19464
31461
12789
11584
20569
22884
16751
12919
15024
17036
15712
31151
24911
11259
22267
28599
26090
22865
31368
27721
32709
14264
11878
30392
22494
21227
24537
22213
28979
24657
16231
20279
20881
15780
26971
21945
27098
16464
30597
16914
22895
11904
15210
18383
22931
15383
10421
12045
23906
23673
27879
9426
28629
20173
18589
15792
28411
17790
16654
17226
21234
15580
21787
19686
9131
26500
16109
21681
28874
23939
25379
21888
23503
15201
23709
12992
21951
17340
24397
23728
12851
20183
20180
16426
23038
27210
27197
30350
16668
10655
18112
26706
21402
17270
30010
22679
19706
12086
13953
19308
14011
14152
31398
31785
15579
13269
15232
22365
22042
25105
26644
20744
31525
32196
12530
27403
29577
25314
13004
32732
24113
16083
13430
9598
16281
14866
15435
15537
31196
22911
15209
9453
28209
14268
17927
10613
25769
26244
28144
31378
28398
31295
14737
18558
32044
29651
15806
21114
27736
31932
30164
32513
14047
10591
19836
20662
20051
13723
31446
10140
9690
28578
17380
31477
10870
17671
22910
13517
13672
9752
17872
17479
18561
13165
32332
25464
26763
27073
27202
31747
28132
16385
15068
32101
18540
27555
24055
25570
15009
16185
13668
11199
20489
22342
18048
21573
10719
13946
22451
22935
17587
18742
24983
31804
30870
30916
19057
9823
24207
21893
16563
19599
23636
30936
15725
26736
16662
31687
13502
31979
13234
9235
9340
16260
17301
31251
16338
17807
25225
29375
13410
14140
12494
10888
20191
24610
17160
31084
19637
31132
27604
16970
14991
19716
16598
14186
27918
27039
12242
24049
29723
23991
13193
30034
13478
15698
13276
17843
26890
9577
26855
13182
22487
20773
28966
10422
26580
13175
24217
10380
13636
10645
19234
16685
13178
10828
31443
20447
27975
11803
20068
19276
31914
27695
16819
14529
20666
25490
11777
11211
29934
12714
11479
16818
25071
9697
24526
9832
9342
30268
17317
15692
31597
26292
23053
9314
23066
13645
28561
23134
20488
22411
17060
32175
15923
12859
11617
30109
28241
21674
20193
18411
27309
29716
15029
22406
9067
15199
31066
24308
28902
17161
19831
13013
30138
17760
23175
17420
23722
25329
14504
13071
29090
25584
25161
17840
9595
24004
28952
18987
29922
27818
11011
10073
32080
24096
31692
29472
16852
32542
22026
16117
11539
28404
22898
18511
29837
15872
13100
14122
16674
19486
11106
31259
16596
10921
28448
10249
28761
16560
28305
12314
22182
23667
14627
10623
21471
28074
18654
22184
12972
15324
32294
13089
11533
15543
28708
17325
27707
11518
31690
11105
10377
11710
12549
9444
30398
31526
14579
25266
12146
20713
25680
21992
24451
29672
14622
14862
13001
29081
12220
26794
12171
10710
19105
22897
14557
20123
22998
9140
20650
21185
30595
30299
10215
26808
18138
10211
15081
9762
25480
10834
9327
10325
27869
31179
22886
24997
19501
22878
11485
23767
14966
21028
19945
21721
18754
10380
22809
29872
29391
15344
16279
21425
30062
18205
18500
17150
32297
24195
26844
14598
26280
14226
23246
26907
24106
29225
17019
30994
30399
19696
16733
17995
31548
17001
26451
17399
23507
11679
22556
16957
11097
30944
14561
14390
21837
24890
24212
13844
31802
13558
18297
9528
14178
18202
15510
18539
14082
28717
17482
24009
20918
28388
15849
26845
15593
11067
9554
21444
14362
12229
16284
13635
25849
19776
12989
27832
9358
16372
21533
27288
31316
21023
29755
16418
31145
12042
10191
30947
27771
26876
29462
28208
25050
11563
19214
9077
21715
30105
25965
24612
26593
26931
23313
9641
21574
12454
9068
16799
24403
18862
19917
20548
17856
12946
16827
17194
13677
29600
28290
16432
25158
29798
29211
27825
32754
26448
20825
30971
25620
31783
14636
19396
18670
19980
13955
24940
28497
24083
15023
27475
17393
32563
9300
25496
16327
21112
26603
19386
16437
26409
22198
27705
14020
29602
11750
32691
22728
12608
32114
9931
28101
27291
26135
18845
27747
26873
20987
26293
19133
13489
32410
9291
10544
23801
19750
10407
23983
29177
15600
23353
32451
25892
32610
28390
19290
17351
14912
12702
27938
32738
26920
13426
14902
15160
26039
28762
14844
18594
15742
29226
29005
22440
17348
22891
14807
32338
20775
9263
10432
31176
18365
22287
18572
18915
26561
24095
10817
9272
24068
28889
25276
29918
17252
21554
16791
28678
26003
20264
10638
32686
9326
28854
32030
11808
25757
19790
29872
27863
25952
9713
15940
23324
27914
29185
24920
12130
24745
29644
19419
9389
27412
29223
28549
13787
21468
21761
24886
29853
18227
11438
9729
9414
28881
31516
27254
25408
27165
9799
11393
21242
13016
16861
20353
19370
10336
16069
24815
23741
29292
22963
30757
26979
27617
17636
22385
27777
15766
30277
14381
30134
10204
29045
23469
21137
15569
14647
18846
26160
26552
13844
16830
30993
22167
15412
15509
15141
10565
9898
13081
11302
11470
11810
22894
24107
24971
10883
14686
18042
29722
17202
23647
21700
14817
24270
30155
10168
21688
20243
16094
27161
29444
30396
19137
15121
24998
11039
17937
26370
21316
12241
10335
22808
29000
31388
29077
29037
32300
16147
25349
30059
27894
15824
12840
31611
23851
21857
20214
18146
20727
26393
17801
26147
27693
21898
27033
23440
22796
9151
13262
10090
15842
20622
11245
11301
31974
15657
11200
15624
28792
25852
19684
12031
15530
13158
31975
12407
23040
29546
32011
22200
15732
26536
24773
23272
16829
21158
24862
21665
13777
22211
32601
22183
13481
10995
15062
28688
10820
25522
24118
20909
10734
25255
10176
11484
31170
12819
20739
28090
30574
10871
14781
12030
14902
9304
14844
30520
20226
28093
24451
13296
25854
29650
12168
19053
14112
24973
12150
17954
21356
17370
29504
15636
10007
25210
17323
11434
23909
9405
30054
13675
30782
16371
23943
30470
23365
17917
19831
20115
16432
11863
12177
15528
18330
30675
31984
20850
30927
25275
22746
12911
18021
18521
26918
9710
30095
29406
11036
28690
19516
17360
23894
19891
19631
10804
25135
26831
10410
30110
16986
19493
18979
13196
28688
28604
12973
29714
25634
9620
24895
29929
20957
28509
17719
26366
21040
23642
25246
14974
18961
15547
18583
17837
13434
16570
21393
28584
10769
26044
19132
31012
31186
16051
29340
28192
9450
9378
28480
23626
20981
17161
13913
25981
16362
12246
32204
26577
21670
22977
14789
29434
30896
23631
30249
32194
10496
23719
19969
18203
21509
19033
11411
13088
11735
12744
11300
17206
24961
14924
14937
27281
17940
11169
18559
26081
11978
23831
12935
24286
10959
19386
28012
29570
12471
26476
27908
15733
22345
13218
9604
28105
25391
24718
14120
20711
19958
20246
18135
20169
29698
27929
17667
15210
18099
24202
18669
14665
32325
30663
26902
16728
32311
12838
20203
9786
12644
20177
16145
9134
24129
30383
30628
20806
15650
23471
9478
32048
20148
11716
18900
11086
14868
27763
13379
32701
13692
32762
14625
20405
25122
9442
15261
31014
26969
15220
31082
12773
10051
18705
25712
29525
24840
12134
16658
26006
17629
29768
32759
10890
23448
10491
17504
12039
30335
25472
10375
20785
31204
21814
20719
10426
25131
29908
12326
18143
19014
26718
32594
31642
10220
25819
14393
14905
26457
19581
27606
14881
27685
22958
30150
25884
14127
24546
19313
20609
16395
13167
16983
23154
29092
17312
16228
19446
23078
12947
16568
17502
15908
14860
32045
30618
16544
32725
18999
30034
21514
22479
23693
16975
30917
26603
27231
27091
13181
13730
11320
16920
16701
13922
17623
18665
15763
11007
25051
28204
31196
16899
23388
24472
12543
30119
17282
29479
26053
31658
13288
31987
28297
28639
29918
21897
12163
25812
22084
21002
14730
20834
25227
9268
31141
31874
31041
20974
18548
23394
10120
15090
17685
15923
25113
24518
9543
9303
22234
21098
27600
15872
25684
30302
24093
9217
24180
12085
32041
13285
9563
27049
24515
26883
22793
31550
15171
28024
24400
31128
9481
22796
9122
24927
31181
11982
10999
25296
13628
15094
28604
21332
26486
12416
16004
11459
24079
18236
27624
28349
9341
22057
17442
21266
26629
19333
11976
12188
11554
29931
16880
32115
29738
24950
32205
13019
20392
10731
32766
10910
15139
21396
31408
13081
13542
16593
17907
20999
15783
25676
30779
11716
20670
10825
30444
23685
17665
19511
10251
14650
16007
17929
22067
25127
13200
22437
22928
25806
15776
10168
29895
13397
9543
14961
28986
29605
23800
24731
16461
9488
24621
21459
9822
14006
10833
22924
15040
24582
15388
22409
15970
17913
24771
30822
14158
13376
28424
9991
24245
16854
27828
19676
15017
17447
30191
24835
25258
13919
29796
21382
29175
14842
15593
20472
31972
9861
12386
30395
20306
31830
25570
26788
21143
27846
26610
25054
30280
21670
26586
22667
10240
13241
17971
16896
30812
19889
17250
9330
21109
22362
26957
10558
24964
26957
24355
22244
24302
24364
13377
16478
12225
24469
21079
16048
11834
31369
23238
26817
30762
30057
29517
15721
26044
12162
17893
13259
29273
24796
14313
9701
12760
16639
9505
18789
13820
16865
26146
10942
27966
18288
28984
24188
24269
11693
12957
23764
26580
19369
16289
15232
24059
18325
31402
14794
15152
18785
15250
21222
13991
29658
20322
19076
28447
16820
17077
26534
26036
14350
25954
20911
28194
23970
26287
17341
30151
11908
29359
21280
18924
29433
21438
32429
15555
24755
31545
30165
20453
10943
19201
21496
18254
13483
16788
15224
28073
23813
25796
18594
28111
25747
26125
32694
25994
9607
20616
26315
9851
19972
18722
20999
21258
17482
13042
14831
28752
24753
10323
23987
32610
24837
27643
28586
18038
20179
21190
26089
11901
13810
24432
14613
25401
21321
15507
10560
18686
24199
23898
16971
28250
30759
26177
17662
13750
19271
31480
30959
32090
17625
16653
12279
22831
23961
27208
25252
15208
24930
30773
31486
17572
14922
25473
15038
25006
26083
27595
29338
16902
11274
27232
21736
9220
19611
13313
12667
22649
32144
21574
19284
19768
23059
25826
13702
18195
30181
26032
28045
9132
24029
14136
28640
27173
30548
30143
31434
21559
18415
12174
29557
11819
31176
22836
29882
20131
14211
25852
13170
21978
19956
28069
17607
29229
26157
16136
20940
19931
25423
20987
21773
29234
28203
16244
32183
27401
12151
28402
13410
13490
17343
22885
25135
28940
16089
20379
11795
31295
22707
18271
9330
31842
10186
18909
31984
17730
32605
12488
29316
21112
17217
30448
25038
19541
24630
30054
22948
28630
32622
31713
18949
20050
21597
18528
23791
23018
19893
9246
13566
9953
20499
19988
25506
20119
15317
16310
28910
13440
23869
12138
22486
14888
15232
28760
24693
30798
9701
29868
20769
21782
29572
9422
22873
24213
14903
15278
17886
22675
27342
22110
14220
18575
24971
13693
16856
28454
25352
31224
15710
28363
30911
17462
27986
27774
17498
11771
14423
26694
21792
27699
29829
11088
11909
10262
16364
24508
25020
12618
17188
18554
31668
17993
21899
18259
29955
32199
29670
31742
26667
30570
17979
12314
32764
13561
17643
27222
18228
29601
31260
11140
10191
23634
29118
14093
15132
17644
28597
14365
24652
13592
16104
22432
28208
21215
30356
32565
26366
28825
10727
28831
9541
21600
13770
12142
27306
14699
22076
12085
13422
22802
17002
25611
31707
15684
27758
28884
27348
28831
17934
17846
16722
21643
26450
13851
12053
25629
13650
16444
30099
21599
10601
29817
26165
23297
25268
31896
21421
22265
27210
27301
13851
18965
22336
23099
21290
22696
21901
28708
22549
31734
13496
28338
24503
12015
11915
28465
31568
27029
12394
20080
26235
10997
20196
18409
14177
25270
10857
13263
24365
27303
13562
20980
24533
17244
18780
31481
21413
23753
18704
21664
31145
24927
27996
28405
14945
23651
19131
22291
11959
22987
15324
25049
24836
20239
11500
30439
30348
28860
27912
29920
26321
13692
22836
32743
31859
16296
27939
14780
18228
11070
24974
29622
18642
21277
9633
24094
29754
31419
13833
30792
21680
12937
27215
9856
18399
22224
11364
20928
12305
10202
20093
29062
23704
29226
29472
19366
32598
29001
15231
15854
10044
15454
12294
10998
29982
28585
20976
13462
21545
13074
11934
16272
23717
17813
31338
15468
19142
18742
31371
15497
25701
32474
30607
31398
26707
13819
25320
19623
13852
27007
28932
25238
25391
22626
28418
30441
12435
12644
32688
21507
17685
25774
13986
21245
20744
14520
27009
14245
21869
9834
11174
29839
17046
16514
10215
27564
9821
10805
19633
15841
12054
24857
32344
28373
21355
24130
17322
19191
27178
21163
12113
17379
21992
19297
13206
27408
17440
15951
27196
24348
30085
27347
23124
20484
19212
27667
10539
17961
32712
26893
16745
26422
18342
20213
22563
10934
18010
24646
19324
17156
29337
15811
16422
21311
14729
32657
20884
27688
30326
31331
13122
29216
15674
30072
30186
16839
25135
21228
12553
21286
31781
11527
29420
17181
11164
27357
30478
15508
14822
26408
22146
16446
16890
11009
10091
17694
18144
13814
15571
22603
12391
14459
32572
14882
32023
14916
27767
21913
20583
23871
30780
20394
12592
29231
19374
16943
12904
16534
22464
29274
20470
22048
13119
19529
12835
28575
9281
20617
30933
21178
26657
31449
21851
13769
27530
29886
10335
14813
29809
12801
16924
17754
14112
27837
29387
21728
22290
19759
32606
12267
31458
22419
20081
12792
28274
26543
24958
12010
20935
29096
28240
30379
10661
29874
11450
15382
27328
30190
11400
25365
16817
12679
18358
31238
21164
20327
26745
25188
19823
19173
32250
27811
25884
22980
21480
27483
23690
18168
21105
10728
10563
21536
27193
12499
15722
21585
25068
26922
31598
25621
17785
19917
20602
25267
21917
15883
18285
28809
15447
15361
10849
30616
26013
32389
9981
32503
20557
10314
26142
21162
27494
21670
24767
32348
21368
12088
25654
25163
23398
11981
28102
25931
21274
30596
16371
20242
17465
10289
28941
15778
29085
22525
11933
11579
30638
16731
13686
16691
18923
29453
27718
10063
30404
26791
25456
9796
13557
28962
19721
27770
14104
21191
17498
15375
22867
30540
29509
31686
20467
13197
12081
22339
25779
15529
24091
16215
22935
25835
14566
20680
16057
27115
21877
21360
11935
21109
29083
18143
15769
17963
29562
24677
17029
28383
20945
21860
11746
18899
31601
15726
11369
28159
25987
21146
12313
24750
16644
13683
20412
27902
15886
18664
19433
16174
31669
9510
18766
31448
19194
20278
16458
13506
15704
24468
28947
28895
27860
32351
15675
11107
30564
22148
9308
11281
31659
23553
32035
28952
9087
19224
15249
12635
23958
18032
22773
14620
31864
19270
13750
17593
11564
23396
13297
28886
22008
16272
12925
12010
28682
32167
11098
27714
32733
30184
23005
10545
23889
30351
30242
30318
23127
28621
12396
24012
13349
20769
10181
12798
25622
10746
31476
20092
15530
26209
13175
18856
28507
26673
16074
11945
14876
23364
25159
28856
29218
25122
28538
10192
31260
27966
25837
13198
27598
18202
31795
29207
25187
9988
28436
18599
16133
13138
26617
28493
9944
30957
32194
28677
24627
31756
24449
30791
11697
17986
27153
12559
10581
29522
22909
25645
17844
24161
15219
21952
15857
10375
26101
16901
29646
31264
18002
28093
16041
29901
10707
14803
13665
21357
30140
13918
25259
19905
32235
22422
12658
17150
30178
14733
24755
16186
26733
30097
14274
11559
28314
10757
26694
24357
28738
30046
23695
28797
19934
18730
16426
30450
15346
15062
30386
29431
14881
19665
29928
21018
9826
28089
12294
12671
20519
10876
23567
16679
11090
19389
19438
27762
17643
25209
20439
27619
28562
31691
32205
9252
22459
21675
25775
30282
12600
21278
20363
25945
11865
28939
22805
13579
14234
13449
22558
26061
15677
14370
15111
12811
32403
12850
28400
28845
29296
24830
27771
9711
21739
18800
28714
10181
26379
20104
32386
25436
19088
14194
10315
30895
26829
22098
31516
15864
23982
26448
23626
10225
25751
10952
11573
23661
25532
11928
23870
20192
24814
13685
23792
24344
19356
23994
31710
28525
24895
28006
28518
25264
14944
28827
24627
15360
17551
17391
29657
11882
25205
26614
29513
13298
26520
24245
10846
16085
15310
29622
26034
15708
26542
18788
20561
22311
17732
15502
17922
32544
10505
27254
27625
19662
18721
23394
10065
12884
22663
27341
24737
31721
25894
16183
22460
14808
22058
17459
20558
28639
21143
29487
9956
12618
12183
11553
25681
20366
29242
12725
15469
15420
10905
27926
14352
11839
23308
10381
32385
21172
24477
14666
29205
20475
27068
23886
21672
23980
25652
24456
11286
10712
21341
18238
12411
9106
11993
25512
17197
20142
10216
23799
28494
22752
17638
25486
18692
18314
25784
23780
30570
16700
14521
13209
15973
21239
27227
26056
31738
14197
27037
18685
22655
13187
15365
24375
23747
19442
23178
26062
15173
12350
27900
12827
13499
10960
11429
20566
22509
30855
30332
20785
10165
12725
26307
12604
23409
13821
30895
26810
23642
21307
25167
11482
11537
30549
14464
21257
28539
20865
17250
10506
31951
21431
30472
30955
17389
29783
25716
12030
25074
10190
14018
12858
10505
24571
13714
27067
31859
25056
24077
14348
22519
12550
28209
19303
29907
30677
27054
31100
22579
32208
30980
10342
18420
11090
12107
19757
13505
30513
26225
12006
10299
29656
12273
31074
14360
29814
28316
29799
10948
15536
31374
28160
13495
17631
20779
30956
21230
27531
24217
32088
28657
18412
22616
9963
29467
23995
11749
25080
10779
19979
29488
31889
12273
29243
20592
26148
28215
26963
10117
30780
25948
15520
26011
32325
22951
30413
29477
19389
11914
15615
14151
23908
23132
19193
25158
16867
20397
29461
15422
12586
24977
11847
19475
19929
16956
15580
27305
19756
20431
10654
20698
22283
9074
17733
26622
28913
28293
9281
24583
13820
13005
26862
30852
27753
16157
18757
15287
10900
24721
30539
30441
18175
28694
21028
31264
10436
27715
10740
13571
29024
26074
32447
9258
13041
24131
17455
30965
18380
31873
13150
18361
21016
20194
10051
26864
20783
18907
24536
11665
9799
9136
22548
24086
19538
16538
17323
10353
18211
32559
26903
18918
10257
26737
27217
19783
29792
9914
23850
17426
22686
18269
17984
32292
15684
13807
11331
31204
25019
10815
9140
9406
31792
11569
11863
32723
12625
17501
27602
31982
22333
11596
13397
10170
12223
27532
24116
28467
30269
16387
15707
16165
19759
31851
26619
31534
15072
24349
25488
14039
23326
29904
16815
12836
20435
21821
29193
31544
19685
11360
31699
16768
20032
30804
31873
12520
22467
17027
26045
26119
28624
21980
28529
18496
10031
19493
9420
23232
11478
16275
29914
30279
29142
16024
9102
20702
27708
14332
9188
20836
30848
9519
24264
25613
27078
21726
30014
11222
19155
18372
16687
28286
11360
10691
22771
12301
11437
24883
29666
23747
27206
10362
15382
20302
16752
26076
19855
10248
30918
13717
17263
9151
30986
23077
14081
30334
11460
15709
12283
17133
16423
14582
27136
32173
27922
25853
23320
11991
11545
27196
26949
25885
18857
12720
21662
32673
23713
18791
27903
9412
26292
29233
13027
30642
29848
15339
18350
11964
25246
13222
9465
22528
28937
22466
10443
18882
32667
21764
27740
10828
17542
15264
9313
31672
12940
13369
28453
10040
30031
11486
22246
22216
15562
22007
19894
13987
30542
16169
12390
26286
15338
17461
19627
25399
25023
27088
10257
16728
19205
31919
25939
27012
20634
9953
23316
19578
16695
28513
18994
10877
30848
22508
21580
27204
16385
25057
15234
11771
24847
23686
20348
21300
28228
26049
11182
13625
28818
14535
10970
12097
23085
22336
13270
23895
13050
19404
17295
10061
9713
19354
22606
20951
31805
13146
13507
16399
29154
16615
16382
10789
15779
13395
30573
29005
20515
15219
27268
13573
31252
24250
26670
19573
22619
30431
16749
26925
22243
18260
10872
10324
9476
22629
16384
18862
23026
14183
29111
17952
10830
31193
30227
28545
27858
23614
11087
11211
20540
25710
28262
19286
32687
18450
14682
28978
26198
12726
11169
21614
22090
23583
26582
28355
21078
30686
23504
16199
19901
26468
26572
16253
30347
23514
32232
18559
19729
17386
32043
13724
26265
28640
15814
26143
23944
12214
12953
14685
17335
30551
17401
19074
18616
20693
18353
12085
26448
14905
14918
20596
25543
29977
11016
20451
30690
27085
15049
30596
26144
20565
29448
18385
11349
26862
28482
27438
19951
18676
29120
15391
20378
9638
20840
23249
19637
28703
31628
32031
9204
11472
23091
11314
13207
17642
29300
18346
25499
9178
31827
15863
32083
21635
28242
13956
17215
20672
15025
14893
26042
32578
20370
29597
17787
24336
18742
30916
10249
27781
25343
18707
14939
13096
32070
29197
19454
24128
28645
10164
18832
20011
26105
16706
23353
12614
9958
28186
12823
27775
28827
14078
26018
9850
18199
20194
31854
13392
23851
31681
29819
27918
31362
20046
31068
29708
16530
17006
17817
9413
19718
13223
13139
28901
25759
26680
16422
25764
13558
10316
30323
17747
27273
29704
32031
32308
18263
25206
23158
20367
28005
30066
20765
29698
27811
31985
28641
12313
20728
13617
32364
11544
16680
17237
26081
22579
13262
25242
31971
10910
20622
24410
16984
10339
25084
26547
26873
28696
13147
13151
31713
18485
20331
27112
27612
30763
18793
17637
20415
16838
12013
30814
21796
23542
18244
14097
27629
17424
17164
24316
30502
31903
26500
21805
29673
9944
17028
27751
14839
27085
25130
11559
29361
21673
21820
10507
28251
22574
24443
14864
28413
21265
11890
12016
20890
10227
10632
31904
31435
31013
13796
18164
12750
31567
28166
28587
12511
10657
22439
16524
21730
23804
13620
29452
13308
26324
25339
31301
27099
30390
18180
23707
27776
29379
9870
12216
13703
22461
26999
19174
9143
11893
25563
22410
17046
19287
16087
14525
28633
29511
30187
19020
29314
16204
10314
15088
10002
25789
17301
16786
27215
14953
19434
12206
20088
11178
25885
14419
10253
25341
19814
12495
23549
25154
22651
14695
28617
31642
23203
24140
14572
28194
9691
17610
22896
17262
12715
14529
20928
19757
21532
11865
10125
13370
10892
24082
25057
21042
11604
20570
24563
17755
9778
26947
30948
25284
21323
19956
13615
14316
22435
12862
24749
21945
9212
26034
15617
15345
25079
13073
13107
25003
28184
21508
18587
24561
16909
19725
23297
16605
30082
17854
26626
32382
24736
12585
25525
26552
18387
23191
25231
19981
29905
10877
23272
10876
24792
14251
32623
21910
21558
30919
32436
21312
28913
10746
25818
23508
20315
15081
20480
15875
18752
22759
31241
9711
24124
26984
24203
28792
23964
22426
30798
14593
29894
24815
14907
25938
30822
27934
28595
23805
13961
31947
31627
27668
10379
26410
12570
19976
26502
16749
13192
17653
25568
11837
14267
23859
16491
12011
11317
17626
28717
26051
22625
15001
17830
29974
20838
12145
23774
15189
27283
23501
11952
22021
15818
14926
20296
14439
29452
23405
14998
28800
24448
32631
15137
20008
14580
27417
21814
25238
16500
28887
12064
25371
25698
21623
9199
9233
12032
10082
24410
16398
30834
24495
17771
16221
15101
15212
20272
21422
10440
18925
27796
31756
29218
15881
29815
9488
32119
19427
22317
32434
13133
31509
32200
22059
24445
12356
19238
13453
17686
29800
11822
13915
21760
31306
10582
17219
15060
20021
29544
25824
15341
28763
29460
15352
19518
11719
10861
14774
13322
15802
27612
11276
26455
28414
13282
30810
15740
13912
20694
22728
13808
9315
22693
16834
9904
16711
22222
25095
10721
28404
32326
22373
17284
22752
16759
11308
20885
30704
11144
24150
24438
22598
24287
12198
10379
29019
23780
26383
17957
17485
31496
30961
14294
13434
10503
21286
31699
20045
27753
17705
22849
28760
13647
31397
24033
17217
28780
27791
23196
26692
31314
23985
22146
14128
22511
23819
18593
16977
22615
9140
30512
21092
14021
9380
11414
26069
31706
11408
25463
16133
12592
26932
25695
27115
24104
31268
29044
16418
16402
16651
15259
22808
19794
19123
17400
31264
20270
27446
20705
26122
14786
15680
20201
19444
12440
13283
11237
15773
25001
22172
20081
13590
24618
9615
21244
24126
16903
31990
20865
9910
16519
26081
23769
25118
24236
15012
9886
17597
31141
19665
24210
9390
18605
9906
9326
18247
23798
24726
28319
10503
20366
21662
18811
22058
10336
9380
29967
12259
9925
32472
32135
10163
23485
27116
15007
32244
24085
23840
20798
16048
25474
13572
12645
12684
22602
15066
11031
23673
25981
24018
25476
18707
11348
9075
22182
19430
11480
16430
10392
31051
21968
20245
21074
17811
10008
31264
25909
22171
27449
23761
27294
23929
30327
13083
25451
26453
23653
27070
14799
26675
15533
11768
9437
23313
13889
32760
21229
17396
20985
21270
12880
31016
20736
14612
17128
27792
16800
9459
21511
31388
9393
20646
28039
29494
23402
21134
31010
20393
24000
27942
32743
19229
24719
30328
24817
20507
27435
12910
22245
28668
15028
23621
26456
22524
27882
25663
23507
29717
25437
13720
17905
20218
22553
30679
10432
18744
9289
30233
20843
26384
32253
31469
30225
27102
17194
11275
23050
25376
30194
32238
22099
21586
20006
32418
23588
25052
24895
23549
20292
31804
14424
29869
13577
15182
9605
20447
16147
9459
17996
24834
28045
26391
15714
20603
31030
11551
19079
15514
26222
30528
24716
30044
14652
16024
12796
29090
15599
24359
17302
11430
28421
13884
24728
27445
16726
28679
21526
11894
10054
27242
23991
15702
25298
9921
25288
24370
17417
26057
20652
14862
28774
20758
21069
27141
28538
22653
19774
20101
26879
18383
17686
21201
24796
31031
28709
29966
27688
27788
29060
20715
11298
16335
19345
26078
23168
16880
19396
15501
17840
22463
9123
23117
30266
30178
32352
25553
25254
17265
31474
30172
21406
26267
22034
23736
26004
30677
28424
11802
11413
12382
10118
14245
27759
26835
25826
11763
10180
23944
13778
16864
19175
9326
9541
30529
31051
25475
32657
22548
15367
14778
16818
10753
18736
16905
30739
18642
30191
26815
22856
18031
13738
11032
15685
18188
23285
29967
29363
28065
23098
14583
29992
27802
27797
24637
11301
12029
21142
18209
24670
19641
18787
9476
15829
16859
12722
11244
24736
17586
21389
29266
17701
12739
28894
27619
13379
18312
15995
9612
12811
10949
32036
19929
22862
28196
9712
16129
16832
17124
13118
16457
29182
31782
24629
26270
19732
14420
14235
24542
31042
10559
19645
31389
9216
22544
30359
17895
18239
25985
12747
28142
21490
28108
18171
18145
26061
23524
13561
8911
25676
22884
32192
30962
13560
10086
9140
22068
25318
11347
11584
13318
24448
18530
9798
18387
16519
20797
27031
20555
28346
12639
9131
31042
32112
10214
29171
29875
21036
12100
19141
11774
9682
15416
15527
30070
24020
26877
11432
23656
16181
24769
19932
17037
25826
18768
25478
29820
16525
22834
27563
26168
19226
14427
22244
21558
18318
16385
15108
13880
11873
17835
13987
16122
30426
31048
14842
17558
21787
16526
26584
11079
9311
15492
32256
27034
32020
15753
17885
24760
25623
20439
32222
9941
27877
16993
25150
12039
16211
23078
22391
9048
11435
24705
20868
9498
11680
17020
15702
26490
14164
16855
12765
22616
17951
19077
20755
19286
23195
17843
30858
23343
24367
14612
31914
30027
23469
10344
12416
17296
26056
14366
23488
26746
30893
9517
23752
16750
9354
28092
24824
9035
21767
12106
19471
17731
13454
14764
17984
19945
27442
16558
22572
13962
23004
15569
18469
30913
24977
27333
28947
14918
12275
12191
17314
27399
13579
9609
16015
11216
9797
29936
20834
18519
12988
27126
29350
22447
19640
23778
27884
13473
11381
14735
14532
18801
28711
9974
13481
14106
32058
29530
25824
31442
22624
22784
25067
30502
24003
13740
20129
13313
27937
30208
11932
20051
30350
26691
18074
31044
29094
11021
23587
26105
12421
24253
27364
28299
12822
26475
27496
26798
16690
11653
17549
28891
18321
16447
28853
20734
30604
16462
14533
32224
17191
13012
28018
21500
17486
16546
22706
27037
31327
16150
19201
14621
9763
29741
22085
30047
9140
10127
17894
17591
29697
13216
23107
29042
17170
16527
29215
12477
9709
29287
31941
29307
26206
28957
11139
16109
25318
32096
22293
9356
12779
22502
28829
26548
23337
24905
11613
28154
15622
24293
18225
29632
25340
15612
13513
16391
15979
25240
22767
19076
16495
25951
28263
27766
22282
10118
27417
20661
29121
29952
24453
20133
22355
22628
30866
22223
12494
29048
23419
28630
27158
10683
8867
28936
17472
23674
14057
20803
29348
17836
12144
18045
21144
19733
13684
27759
20607
32505
17018
11866
10739
29153
13506
25690
27343
18295
28142
24497
10079
21537
29289
23064
30433
29312
30854
28499
29378
27043
12114
21768
20358
10800
13968
17617
16118
26509
19891
19600
22394
26010
23535
30979
15086
24171
23076
26229
11220
20489
11420
17538
15840
32464
22509
13836
29581
23838
32032
32301
12857
22462
24850
12637
11730
22562
15213
10664
17622
17770
16059
22785
11206
15918
30144
28572
26516
24034
22049
23478
30143
16641
32343
12698
16347
17030
17872
22133
27653
12667
30906
14181
19759
17267
29356
29361
27352
31267
10608
18682
22104
25111
18121
18025
20331
10659
25141
11778
18556
9243
25098
11334
20757
16849
10856
32398
21484
18046
18905
30471
12378
23425
18331
11127
16939
29931
32511
21278
19678
28263
18959
30997
19059
17026
16243
19825
14450
30190
9576
11945
13870
17937
26156
22153
22603
19394
16015
11290
21886
30647
17874
19805
28820
27414
23053
21815
17334
15864
10469
17806
20715
24021
31496
9419
31710
12348
27296
10945
20706
19912
24618
18676
15667
26959
19555
10013
20349
14172
11792
26165
16292
27104
28545
32357
20668
28858
13398
27564
14423
28609
30447
30388
26631
29344
20490
23868
11810
24760
27972
27806
30403
28233
31290
29196
20436
27711
9455
25028
14277
12028
16750
17158
28647
32500
20656
24326
26840
11922
28351
15036
14998
11377
27676
15251
30522
32055
10308
27896
22726
27967
29725
28374
31773
17533
30734
25369
19795
27133
28527
32021
9621
13706
12198
31857
30670
11445
18213
9127
17651
13896
13712
27741
9727
22190
28450
14161
22413
17451
12109
20518
10066
14468
24224
25325
9977
23010
9793
20594
29567
32465
22701
14801
25517
29167
30266
21731
15113
9085
27252
29276
25874
19246
18705
15861
22031
15814
22217
11374
22023
10707
22211
18159
31054
29789
18583
18410
12638
27747
17081
21935
27933
16196
24943
19259
28882
12049
27467
16036
22697
13763
12331
22989
15679
12588
32138
22324
10329
18237
19928
14991
13233
12842
16918
21882
25155
30139
31667
28280
18773
17611
19185
10888
19125
16648
24190
22271
17474
23513
11467
28709
22701
28819
16381
27809
13697
20522
15170
14323
31329
29248
21273
22333
9617
16284
25218
17392
10681
24792
11771
11069
30705
25945
16037
14840
20687
22149
30882
10594
13409
20577
28865
15175
32374
20310
17757
16768
10721
13328
32386
28517
27312
24669
14674
13443
21682
22160
8871
27478
19254
25372
27187
22241
28878
10090
28036
14371
30708
13859
11426
30770
17232
29692
13694
27726
24458
12661
11911
29460
27237
9333
22418
16532
19405
12310
10060
29606
24089
16367
18383
13627
30276
10912
22308
19981
31472
25536
29143
26931
27819
31306
19272
25842
17266
28966
26977
9687
17779
23126
10354
14729
15127
11828
27322
11776
9280
15273
13799
29294
21200
26783
11072
31852
13841
22201
25153
29033
9596
16449
31205
25167
25851
25083
31066
31404
23379
8929
12210
12446
11705
29027
16843
27381
21503
17270
28738
24855
11922
12001
22947
25731
14302
24970
14914
11280
11057
31631
9351
9628
12872
22738
18424
31904
29937
25320
12193
28423
17360
18485
16313
25665
18914
19780
13954
31379
24868
20185
13425
32433
22858
24101
8923
31847
15782
24470
30239
19147
16799
12299
9345
21327
27741
9576
12886
21838
25999
22513
15077
31660
29840
23367
25790
20172
32632
31645
10533
31108
25772
10719
22213
25275
18160
12352
12380
31407
11039
15277
29725
31152
21694
22257
21038
26409
12183
11741
9032
19840
24031
13408
15342
24131
32187
14237
32264
22469
26627
12699
11726
26005
19525
14172
18837
20575
19981
13942
31059
12069
18327
29366
23942
15344
29847
32168
15701
20947
31221
22047
12521
32660
21652
10061
10115
22643
14938
23094
32480
17749
20745
23396
14257
16515
18002
26844
19070
20163
31016
31826
12729
17153
28703
9625
28576
12122
16173
26973
18880
31607
31410
30740
9736
29969
23479
20786
18030
12260
31091
9884
28302
31369
15380
32391
29163
30942
27836
16712
26973
10511
14988
14299
9177
30693
11865
25344
31668
32007
28685
26489
12085
12108
11790
17005
28774
15041
24142
10904
13685
11839
32273
29625
26714
15065
24235
23543
14778
12206
12171
15503
24493
28268
27000
12665
9210
19233
32539
13965
26377
31300
30398
10597
31101
15678
20819
17596
12919
19605
25272
28242
25953
17821
32569
15476
28083
8988
16159
14650
14988
26393
29383
12360
30994
29186
18366
30573
19683
23221
16871
24326
10985
15912
22214
17544
12972
14774
10819
22333
14980
24502
27004
27848
13777
23122
10229
20539
19307
12439
9374
24290
23666
25032
19689
21495
23480
19192
31778
29844
9554
15806
24630
17865
21658
22477
18351
12873
12781
31813
21433
13075
27349
27980
10018
15010
28423
12122
25512
24676
20288
32111
14091
24686
14740
26210
20137
17262
12102
21622
12156
17121
10288
13103
22314
15750
27666
10084
13569
20498
17602
28540
19178
26149
14770
12926
31240
22397
20049
31211
24647
25962
31581
26575
24355
11393
22025
16272
29533
24213
29699
11686
21861
22755
13348
12132
16413
27277
29330
11541
15938
24394
31353
31307
25124
22164
12643
12404
32594
16207
31137
19802
18604
14765
23690
21794
22128
24632
17484
15354
12447
10580
15929
14766
13140
29442
13419
24351
14570
27078
25961
11530
14076
16002
27031
21266
32663
15773
28719
11351
17075
18297
9297
27211
23807
24359
26451
25025
18697
21241
20851
11847
11894
19347
13870
23031
22914
12711
24811
9735
23168
31769
15154
12136
9910
19366
26680
11407
28471
12755
10336
12111
31026
25635
23405
22377
24410
12173
13263
29005
15077
16429
12160
27936
18417
21964
29349
19175
9846
12769
20116
27589
27093
23722
25908
27125
18681
12797
20003
31046
30810
24122
23933
15381
31036
23706
14203
18608
23857
31325
13481
24494
25312
18237
30298
21292
20484
27185
13433
27240
11448
9154
20844
31779
17393
26833
26808
12294
29897
21151
18210
18514
25610
16571
12812
17180
12120
24842
10925
11210
24532
26950
14634
11782
26190
27535
14703
16148
13019
27232
28509
29026
13008
26818
9771
9825
14813
19136
24326
21539
24226
29303
21243
18407
15091
29827
19479
14913
15375
27529
23621
29276
12875
22872
9367
25301
25752
29570
25824
12266
10312
18864
16674
8920
13127
19851
31770
32400
24633
13962
30054
16429
15938
17064
17783
17107
22533
28244
28839
30382
29672
26550
15777
32599
19211
19991
28219
14402
20295
12062
24665
14102
14860
25607
13838
22112
23715
21729
18693
31102
16018
11769
27936
13861
16072
12310
18014
25022
14432
12262
13826
10025
24427
17209
8946
14808
14033
20077
13779
11382
19426
29822
15776
23047
18305
14671
28267
28340
14395
30507
29215
31477
14540
26097
28659
12575
17882
23910
20856
20818
22789
28548
18033
20109
15136
22295
10887
18302
17138
14042
23876
29596
13297
27960
25215
12759
31309
28014
31593
25376
26672
20641
23295
13205
22597
26458
27072
30919
22903
23757
13965
16948
18427
15654
24636
21364
30608
16034
23742
23687
21253
16762
21817
15825
23100
10066
13067
15216
32239
18510
21194
31437
11120
25152
10646
32369
29877
31605
21816
17036
28755
22452
29654
26895
31823
25238
21931
14512
14658
24409
18337
18769
30228
30210
20612
11081
12428
8895
15903
28229
19313
13781
23958
16611
22966
31291
18819
11900
17411
28196
28456
28480
26104
23425
29126
32393
15932
11451
12691
27497
22718
26403
17077
21950
12070
14784
10861
22567
31784
17223
25714
11662
23506
17901
13274
16392
9611
21291
23538
13892
15515
26387
23771
14945
18926
22942
17943
16202
17172
10175
24234
32466
25229
22225
11054
21707
30020
18332
21052
25149
32065
11346
12667
30706
12113
11389
23965
22759
30070
31851
13223
9585
22049
31126
22424
27044
24507
10097
16687
27643
15695
12339
16030
16880
18561
15711
31581
25314
13173
32382
19256
31927
32166
25928
12035
20506
12650
16748
12416
22002
25599
28222
15449
11101
18623
26578
11430
13617
18870
32356
22014
18756
11428
11203
26988
14621
27457
25869
11119
26411
18625
24910
11434
25785
14077
22929
15058
15534
23983
23234
22731
21614
16302
25636
23801
9998
28028
12518
15694
23680
13056
31709
16987
23719
30762
21164
14150
32609
27540
29508
18630
27541
27071
11402
28937
27841
21940
22677
21330
18517
22610
25336
26063
30182
15905
11447
31311
14315
10126
32216
32472
21964
31622
10112
26411
15420
9273
25699
29300
30665
18335
11597
24226
15793
14539
27225
27152
30456
21207
29093
21806
14619
14671
21910
16057
11857
31904
24552
30752
12606
30067
15219
31372
28457
17572
21510
13366
28475
24282
21414
31037
20405
15617
24894
16843
32551
26727
19043
22676
10629
16267
10351
18872
31613
17595
12044
14571
12296
32498
24093
25299
15529
20158
15015
19889
11633
11268
23941
27972
26478
18964
23133
15851
24886
11237
24193
19453
21918
19874
18939
21677
28305
30726
9588
18547
19535
28965
15988
26532
23298
12427
27583
9382
26323
17992
27232
10641
29517
22284
27435
10781
28553
31727
22128
18116
14707
28115
27922
26404
27327
21637
32298
22949
29764
14981
25782
20054
26952
25331
32684
10543
32754
25586
12599
21884
27115
31001
13694
21362
13854
15524
28251
22152
29223
32371
18887
11793
10645
28578
14555
30435
27697
20359
10102
30402
11461
25464
10200
19502
25013
22475
18077
21457
30864
29190
15084
16526
10213
30778
26352
9373
21803
16468
15500
12879
30196
20393
23114
12383
18115
17723
29845
28431
25643
15219
24361
20301
20029
32711
19143
19162
26522
14817
13258
14803
13703
16958
31045
28101
26354
18610
17821
17978
26979
31140
20247
20792
24474
24984
20962
25894
27174
28311
24896
18544
32426
18105
27145
32660
21203
16635
9992
22784
18217
32089
26949
10108
24415
20045
16556
25419
21609
25481
20693
30926
24364
13341
32110
30859
12489
26157
11966
19838
12518
20252
10621
20430
32513
25699
17025
9164
30896
18120
29637
30477
11021
22980
9334
32021
24497
21053
18824
23731
13892
13768
11676
11433
27421
28486
31466
19346
18405
21442
20972
17770
31786
21169
17208
9713
19017
31608
14581
19024
16891
31791
15525
30207
16876
32165
30594
12006
13938
28888
12352
9411
29540
26783
13839
10187
24623
24231
15107
29332
10790
23565
12577
19250
28954
8966
20232
16289
16018
26369
30415
24065
29917
23872
9808
9321
15983
15794
20431
17719
11313
25609
30014
23108
20338
30875
17076
13471
19307
27081
11546
29656
27066
30001
26920
28958
30943
24861
20112
26021
19534
30213
31608
20555
12814
12629
19502
24186
22333
22745
31511
23632
26950
15092
31977
28669
13456
13744
27930
9325
22778
11315
17701
29162
17005
21815
9403
23926
16545
9598
26744
13510
20947
27532
24053
21072
24233
11766
11687
17914
18175
30057
26480
9336
21301
30701
11027
11448
25879
11175
29306
23677
30980
30061
16614
14410
12519
9766
30419
19073
14727
15538
22313
10065
16890
32415
22740
14012
16539
15531
11811
20656
19548
31695
9132
25081
18523
16765
23014
11067
32189
12327
25294
22038
24496
18688
10603
26374
13777
10391
9559
32612
12147
10048
14604
25983
11474
23108
19287
16597
10087
31485
9122
18533
10749
20907
30450
27929
26597
29227
27656
23119
18961
10281
27627
29177
8940
24179
20878
18214
21971
22141
28775
29651
22370
19097
25468
9382
10380
20257
14408
18405
21138
14963
19455
19169
9865
29188
28138
12833
20522
30086
14967
31932
17306
29547
20360
22279
9615
15875
26952
24688
15537
11963
25410
26665
12965
31883
17412
18443
17014
23402
24846
14130
31674
22279
10169
18924
9083
14307
19859
12633
24551
30467
30214
10570
17921
13828
17204
13550
16659
12570
14931
32001
26556
30623
12922
20309
11182
27736
24816
26204
15684
11841
16661
14755
12963
16493
22098
18840
11013
22351
21255
32520
13475
19911
20957
19137
12526
26956
10031
32156
30248
24926
25028
11452
17141
20372
23998
26139
20822
14751
19617
23974
28470
22333
28254
24485
28634
15103
28917
10446
21572
30800
31381
17271
26859
27315
30627
28651
26632
29133
31556
11494
15882
14754
16891
15649
19941
12743
24310
32582
20397
26857
25233
14197
32099
32571
23161
21340
16759
15959
13067
10113
24334
14062
15294
15087
15278
15328
10747
15240
21240
27147
9308
28606
29645
30063
17866
15080
18229
10451
21514
24860
20723
12988
22050
15260
24157
30205
9047
9328
22378
26234
15357
23640
9741
9010
19768
13750
10177
29053
14263
26726
23909
32145
11101
29296
19787
30807
16688
16575
19340
18989
32483
26086
14021
13824
9244
12265
9768
21094
11190
32527
9642
15602
26814
29160
11667
16675
17129
32581
32134
27359
12837
13651
30456
26530
15665
31748
29272
14458
15885
13426
31634
15031
17767
31723
25531
31779
9159
31010
18028
15046
17524
12242
22581
32583
16334
14244
26436
19620
21690
23123
23674
28576
12815
23822
26050
24596
10942
31006
18747
23894
21962
18376
31728
11387
12671
9589
11201
28870
24235
20496
13523
23846
25191
17584
13300
12062
22774
14922
10957
26157
24211
24323
22383
11847
12700
24161
10799
11552
26862
16529
19892
25727
15619
23636
30030
17793
28948
30922
25993
27155
14544
16763
27395
32069
19875
27659
13178
16804
17521
25624
15657
14678
24669
17296
20565
31249
30964
28694
14115
12236
24167
10151
10156
20738
12159
16509
12830
27569
22028
13961
22103
9362
25983
11819
26276
10063
21177
17709
11574
16573
12994
26704
16020
22093
32254
16158
19027
21393
20533
10335
14812
24567
24275
28937
29223
9256
23504
29035
11819
18799
22097
23032
25424
16673
22654
19175
10591
30285
31284
18004
27258
10707
22622
26343
28871
27375
32608
17324
15942
8945
13644
17345
13827
31697
13401
15260
21836
11151
27025
22813
16703
17513
13213
30817
13726
21320
14097
24772
14556
31046
14078
28129
29251
15981
27856
28069
13252
24337
20585
11649
21652
10881
32520
26928
13119
32427
14136
22114
15684
17086
12480
28505
19937
19264
13406
25014
14953
17550
12329
11649
24388
13122
13505
24580
15987
29715
12279
24146
31743
31824
29404
27879
23154
24736
31321
17066
15673
25996
11539
26095
23094
31037
24383
32744
31111
31367
12791
12212
8920
28967
20584
15674
26809
31597
28700
18700
17887
29774
28223
28341
25685
29533
17685
12456
18530
11221
12617
13215
25496
23611
17943
9829
21237
16907
19060
10898
18587
32189
32278
9725
25620
28881
18457
14841
10347
25906
21655
11331
12455
31891
20976
10391
28527
28476
29831
14680
17203
9896
26285
8945
14853
15921
21013
10798
18347
20537
11209
25374
28100
25195
26580
30612
14149
12911
15635
23214
29565
10450
25938
32285
18171
32415
32007
27072
9204
11797
21238
15174
26125
36347
